# Created by Octave 4.0.0, Thu Dec 29 09:34:01 2016 CET <widelec@Katarynka>
# name: patterns
# type: matrix
# rows: 100
# columns: 13
 -264.3821170341585 0.008864613045901897 0.9790988996209649 0.9147531777868099 0.9932238104846343 0.9960560404248662 0.01720675166572171 0.006562553484198874 0.01280952699523056 0.02046560294327751 0.9934904406929319 0.9480281375631633 0.2163100326332261
 -237.5891673946639 0.02230357143210882 0.02496741668390244 0.8903212660399945 0.01804312937644216 0.951664626968749 0.05748774875478455 0.9575077371309152 0.03015543532097744 0.9764827918579421 0.9795365689493323 0.9229900868505084 0.2608014450992517
 -232.8063643837638 0.9009374376198187 0.8895036152267431 0.8821918149453786 0.02502850331296562 0.955638234959565 0.02152271502085809 0.9799997705848147 0.01839222316418781 0.01187762881791067 0.06423329142726265 0.8635705082594366 0.08023096255964494
 -224.2990810347828 0.9242878366841391 0.8963863380779098 0.8478735301363042 0.940401910073756 0.02688408227311685 0.8930337179956185 0.05757887450750324 0.01002893543893124 0.04877794322394412 0.02635655795200575 0.9257240775648397 0.09668709075664245
 -223.775754061596 0.04228378902724134 0.01687720225425608 0.9792311126961522 0.02837040994905495 0.9110497586428675 0.8061925071786561 0.06214408585067878 0.8784006191361792 0.038516854772301 0.9640904729964279 0.9657788542938558 0.3353504121110274
 -223.7312214044996 0.0446284119224966 0.954797170036594 0.9043102150602159 0.9816135784664249 0.02194641812528489 0.03155938956241753 0.9989359420945427 0.01668915025523503 0.08154358082413694 0.9556522061167798 0.9555782627037723 0.1504703436393638
 -218.7534728234596 0.08015560154940171 0.9950382348290557 0.01393970100124138 0.02082145396927433 0.9006823331405007 0.8339460650008341 0.04413171398352295 0.9325181005717935 0.02670052750662322 0.878114069252723 0.9263952103428457 0.399449745323325
 -217.8826689154472 0.9035957773970033 0.9628197665831705 0.9119930728635279 0.02288891196109061 0.07796811510161315 0.05902385547448302 0.8917112013419269 0.009702073123666784 0.9928852144176387 0.01980773675014159 0.9108356106545609 0.05216762591463409
 -216.2241916765934 0.9720200049152273 0.9059479442988958 0.9148022783090501 0.9774684572785667 0.003743351115549593 0.05661874775078819 0.02031403746382821 0.964281361576916 0.0913968642435371 0.005689670615471432 0.8834975952598205 0.203005627462839
 -204.5734436277455 0.9455137020858373 0.9508201281768146 0.7974075437569221 0.9567787666783386 0.05952934443365157 0.9673870777030009 0.04540224231646155 0.05322634457510626 0.07743288098418522 0.01323517785567588 0.8363547900903281 0.1741257596583961
 -190.2249931048422 0.01499117297092245 0.0251408137211504 0.04626534239492841 0.1041655969290372 0.7274797588836921 0.7807535592952257 0.9501523930668451 0.9080227915287536 0.9789278759990019 0.7811713825576646 0.07540324344987936 0.5513906715612533
 -187.6747983236123 0.917316452276294 0.966634578825474 0.8622171414419428 0.05221708502918158 0.05383239553374644 0.02481861289832876 0.8436986124603409 0.06396198024598407 0.9257535324540199 0.1175363850188516 0.9632861858268295 0.09735630264953715
 -187.3308184633948 0.7134907994472257 0.8525451472182745 0.02197154499034919 0.7143230502590148 0.989114441392168 0.06776259149926432 0.9543141266309905 0.9444253193207728 0.06415524654269575 0.1023981174424407 0.04409074026672144 0.2070377055447734
 -186.1734599654633 0.8451643313911512 0.8061870638672809 0.8646470150465387 0.06923821343212838 0.9794606218172193 0.05028306963267416 0.995186067945076 0.08683386353461071 0.04359132825049915 0.07003229901213096 0.8456753212195118 0.1627488671564499
 -186.026202945345 0.005482039374285643 0.02045385900630128 0.8288986366221467 0.1021468921505532 0.8817106947364323 0.01334932343916229 0.9704564363092558 0.1240606833099484 0.9498014349377981 0.9277396773782154 0.9499635587646588 0.3214387467681333
 -171.6111118757517 0.9684943550029858 0.741450822261596 0.07349427374730433 0.8808250418556969 0.8702131588830999 0.118369471582934 0.08899734746182905 0.033656497206751 0.9870522683494478 0.8646740602116068 0.04760542666605787 0.2924240131912635
 -171.411085798807 0.0272493678643689 0.9116186449868532 0.9619694356971352 0.1173896125886368 0.958943379052148 0.6702242316430814 0.9222775294121179 0.898883159496271 0.08158764071985597 0.09684943890909338 0.01729574537511195 0.2507340363358487
 -167.9591623891111 0.8482658793506948 0.1158990701319241 0.8522869798197332 0.5824512527966326 0.8334438420439734 0.02725492246205574 0.6871291049058865 0.01291494730111545 0.0120405594514903 0.750789265216725 0.132949304758541 0.3502855500582301
 -165.9024407323759 0.9607578656467103 0.7551540465991636 0.8392105548268887 0.9070793293106898 0.9523541254935219 0.04723718819365036 0.0124885899771372 0.2555824933524278 0.1120925452057203 0.01509613327996262 0.08620717111129306 0.1717276533569501
 -163.7161954787861 0.7580517687765591 0.8644964977331004 0.9338367850135866 0.5625012389762076 0.02008169590264078 0.1619614310150106 0.9927125598976299 0.004268466475598922 0.07973918528445179 0.1877713405868607 0.006794489613306554 0.1807610543265544
 -161.5843508427021 0.130288799583377 0.007057175536590032 0.9902966811405642 0.07976790358646284 0.8119409175676474 0.8937720967341289 0.09775190854459032 0.8117563600499157 0.009198472495727038 0.01557515637949969 0.9410024739179123 0.3129186707983739
 -158.497736916513 0.8130871874166123 0.9350382026546159 0.9339657675034394 0.7638708480639839 0.04630865085155092 0.1637930116052537 0.9522802253628535 0.9401479887781543 0.09969772301707204 0.005894877735199562 0.07830244466748197 0.1299810194003896
 -155.5804660499316 0.9114479884482315 0.9276281546816897 0.835548922331888 0.9531628442666761 0.02574061881204871 0.01471281864102614 0.1339457031023556 0.033371990625832 0.05108047383557509 0.06340849121353298 0.8136055918003576 0.1041285913310309
 -153.1496603757276 0.800747324881605 0.03703812598589007 0.04057978396397766 0.8593660626335181 0.02061117855130355 0.08370204550697259 0.01831446794957814 0.9197914470203354 0.9966120450445001 0.9727822545843892 0.1022223363179083 0.1755423760432474
 -151.5566239806607 0.7261409260227919 0.8631178485389643 0.05490868421898387 0.04086658450889002 0.9075757373423545 0.2830841302316627 0.938383796941018 0.8430072128404641 0.1235077857712874 0.02146804170062921 0.3106399812434568 0.01053603502558696
 -151.0966137611148 0.045449103041765 0.7783305144074224 0.1061118982634984 0.2673089717074463 0.8053884863795734 0.9436887227797899 0.9594100874021192 0.7689298848073347 0.9814172157591817 0.045303351476398 0.009820427905378966 0.3108498884087358
 -149.4352305560269 0.9287683290044839 0.8206767076612234 0.9352498349700267 0.1202110069919797 0.9205065657773523 0.07342901626352671 0.0101913416394761 0.1467998368259361 0.002882663310966899 0.1486148195575434 0.8222795941693878 0.1303188633498402
 -144.4319619309192 0.9389250078121008 0.9131878480690822 0.1588057031606928 0.1839330505205449 0.8714699768341064 0.9399831162503154 0.02090813985712663 0.8192895177138918 0.03357354858065442 0.9969493936994973 0.05401109310949707 0.2024649500474333
 -143.2490417984767 0.1709562253475205 0.09356989040068642 0.5578759956786116 0.8453499006557795 0.04235205013257716 0.6495013222055255 0.01229297907053239 0.7250325359192703 0.7360796727956597 0.953662781790271 0.1187218421036649 0.2359104768881223
 -141.3416292177468 0.001931443004391731 0.03503736762089171 0.9424997611476458 0.01150258305356999 0.9395848672603857 0.02077224537856332 0.04520571397570557 0.0301663224562864 0.9977956869284974 0.9816448011877037 0.9222815380003707 0.2218234201144482
 -136.7092181253935 0.737133891342991 0.834937292247195 0.05811836456170034 0.7399016667214857 0.9141257663779161 0.1259456336078026 0.9737108173551802 0.03191446916384333 0.08873120820076406 0.1980087211312148 0.1245729781513719 0.2047532918125939
